FIPS,County,State,Year,Democrat,Libertarian,Green,Republican,Other
1001,Autauga County,Alabama,2016,23.77,,,72.77,3.46
1001,Autauga County,Alabama,2004,23.69,,,75.67,0.63
1001,Autauga County,Alabama,2012,26.59,,,72.62,0.79
1001,Autauga County,Alabama,2008,25.77,,,73.61,0.61
1001,Autauga County,Alabama,2020,27.02,,,71.44,1.54
1001,Autauga County,Alabama,2000,28.72,,0.93,69.69,0.66
1003,Baldwin County,Alabama,2008,23.81,,,75.26,0.93
1003,Baldwin County,Alabama,2004,22.5,,,76.42,1.08
1003,Baldwin County,Alabama,2012,21.59,,,77.36,1.05
1003,Baldwin County,Alabama,2016,19.39,,,76.55,4.07
1003,Baldwin County,Alabama,2020,22.41,,,76.17,1.42
1003,Baldwin County,Alabama,2000,24.78,,1.83,72.37,1.02
1005,Barbour County,Alabama,2016,46.53,,,52.1,1.38
1005,Barbour County,Alabama,2008,48.99,,,50.44,0.58
1005,Barbour County,Alabama,2004,44.84,,,54.74,0.43
1005,Barbour County,Alabama,2012,51.37,,,48.22,0.41
1005,Barbour County,Alabama,2020,45.79,,,53.45,0.76
1005,Barbour County,Alabama,2000,49.91,,0.44,49.02,0.63
1007,Bibb County,Alabama,2008,26.6,,,72.44,0.96
1007,Bibb County,Alabama,2004,27.49,,,72,0.51
1007,Bibb County,Alabama,2012,26.15,,,72.83,1.02
1007,Bibb County,Alabama,2016,21.25,,,76.4,2.35
1007,Bibb County,Alabama,2020,20.7,,,78.43,0.88
1007,Bibb County,Alabama,2000,38.16,,0.73,60.17,0.93
1009,Blount County,Alabama,2008,14.51,,,84.02,1.47
1009,Blount County,Alabama,2004,18.31,,,80.85,0.84
1009,Blount County,Alabama,2012,12.37,,,86.47,1.16
1009,Blount County,Alabama,2016,8.43,,,89.33,2.24
1009,Blount County,Alabama,2020,9.57,,,89.57,0.86
1009,Blount County,Alabama,2000,27.69,,0.86,70.48,0.97
1011,Bullock County,Alabama,2008,74.07,,,25.69,0.24
1011,Bullock County,Alabama,2004,68.05,,,31.67,0.28
1011,Bullock County,Alabama,2012,76.31,,,23.51,0.19
1011,Bullock County,Alabama,2016,74.95,,,24.2,0.85
1011,Bullock County,Alabama,2020,74.7,,,24.84,0.46
1011,Bullock County,Alabama,2000,69.23,,0.49,29.22,1.06
1013,Butler County,Alabama,2008,43.14,,,56.49,0.37
1013,Butler County,Alabama,2004,40.55,,,59.16,0.29
1013,Butler County,Alabama,2012,46.06,,,53.57,0.37
1013,Butler County,Alabama,2016,42.67,,,56.13,1.2
1013,Butler County,Alabama,2020,41.79,,,57.53,0.69
1013,Butler County,Alabama,2000,46.21,,0.46,52.89,0.44
1015,Calhoun County,Alabama,2008,33.17,,,65.69,1.14
1015,Calhoun County,Alabama,2004,33.33,,,65.89,0.78
1015,Calhoun County,Alabama,2012,33.53,,,65.46,1.01
1015,Calhoun County,Alabama,2016,27.67,,,68.66,3.67
1015,Calhoun County,Alabama,2020,29.85,,,68.85,1.31
1015,Calhoun County,Alabama,2000,40.56,,1.24,57.33,0.88
1017,Chambers County,Alabama,2008,45.46,,,53.94,0.6
1017,Chambers County,Alabama,2004,41.03,,,58.49,0.48
1017,Chambers County,Alabama,2012,47.03,,,52.19,0.78
1017,Chambers County,Alabama,2016,41.61,,,56.42,1.96
1017,Chambers County,Alabama,2020,41.64,,,57.27,1.09
1017,Chambers County,Alabama,2000,47.46,,0.8,51.01,0.73
1019,Cherokee County,Alabama,2008,23.66,,,74.89,1.45
1019,Cherokee County,Alabama,2004,33.59,,,65.45,0.95
1019,Cherokee County,Alabama,2012,21.8,,,76.76,1.44
1019,Cherokee County,Alabama,2016,14.41,,,83.42,2.17
1019,Cherokee County,Alabama,2020,13.2,,,86.03,0.76
1019,Cherokee County,Alabama,2000,44.7,,0.98,53.1,1.21
1021,Chilton County,Alabama,2008,20.66,,,78.49,0.85
1021,Chilton County,Alabama,2004,22.63,,,76.85,0.52
1021,Chilton County,Alabama,2012,19.45,,,79.78,0.76
1021,Chilton County,Alabama,2016,15.85,,,82.1,2.05
1021,Chilton County,Alabama,2020,15.91,,,83.3,0.79
1021,Chilton County,Alabama,2000,31.84,,0.61,66.7,0.85
1023,Choctaw County,Alabama,2004,45.7,,,53.92,0.37
1023,Choctaw County,Alabama,2012,47.52,,,52.11,0.38
1023,Choctaw County,Alabama,2016,42.64,,,56.31,1.06
1023,Choctaw County,Alabama,2008,46.06,,,53.5,0.44
1023,Choctaw County,Alabama,2020,41.89,,,57.56,0.55
1023,Choctaw County,Alabama,2000,50.27,,0.45,48.82,0.46
1025,Clarke County,Alabama,2008,44.02,,,55.57,0.41
1025,Clarke County,Alabama,2004,40.61,,,59.07,0.32
1025,Clarke County,Alabama,2012,45.73,,,53.93,0.34
1025,Clarke County,Alabama,2016,44.12,,,54.79,1.09
1025,Clarke County,Alabama,2020,43.81,,,55.76,0.43
1025,Clarke County,Alabama,2000,43.52,,0.31,55.69,0.48
1027,Clay County,Alabama,2008,25.81,,,73.09,1.1
1027,Clay County,Alabama,2004,28.79,,,70.32,0.9
1027,Clay County,Alabama,2012,26.67,,,72.31,1.02
1027,Clay County,Alabama,2016,18.67,,,79.18,2.14
1027,Clay County,Alabama,2020,18.28,,,80.82,0.89
1027,Clay County,Alabama,2000,34.76,,0.88,63.22,1.14
1029,Cleburne County,Alabama,2008,17.99,,,80.35,1.66
1029,Cleburne County,Alabama,2004,23.99,,,75.37,0.64
1029,Cleburne County,Alabama,2012,15.4,,,83.62,0.98
1029,Cleburne County,Alabama,2016,10.37,,,87.43,2.2
1029,Cleburne County,Alabama,2020,9.34,,,89.72,0.94
1029,Cleburne County,Alabama,2000,32.68,,0.77,65.46,1.1
1031,Coffee County,Alabama,2016,20.33,,,76.44,3.23
1031,Coffee County,Alabama,2008,25.23,,,74.12,0.65
1031,Coffee County,Alabama,2004,25.43,,,73.9,0.66
1031,Coffee County,Alabama,2012,24.91,,,74.18,0.91
1031,Coffee County,Alabama,2020,22.79,,,75.87,1.35
1031,Coffee County,Alabama,2000,33.82,,1,64.39,0.78
1033,Colbert County,Alabama,2008,39.06,,,59.33,1.61
1033,Colbert County,Alabama,2004,44.28,,,55.1,0.62
1033,Colbert County,Alabama,2012,39.2,,,59.59,1.21
1033,Colbert County,Alabama,2016,29.35,,,67.21,3.44
1033,Colbert County,Alabama,2020,29.92,,,68.86,1.22
1033,Colbert County,Alabama,2000,48.96,,0.97,48.85,1.22
1035,Conecuh County,Alabama,2008,49.39,,,49.98,0.63
1035,Conecuh County,Alabama,2004,45.16,,,54.33,0.51
1035,Conecuh County,Alabama,2012,50.63,,,48.97,0.4
1035,Conecuh County,Alabama,2016,46.77,,,51.94,1.29
1035,Conecuh County,Alabama,2020,46.05,,,53.44,0.51
1035,Conecuh County,Alabama,2000,50.14,,0.63,48.62,0.61
1037,Coosa County,Alabama,2008,40.86,,,58.39,0.75
1037,Coosa County,Alabama,2004,41.09,,,58.09,0.82
1037,Coosa County,Alabama,2012,41.58,,,57.87,0.55
1037,Coosa County,Alabama,2016,33.93,,,64.38,1.69
1037,Coosa County,Alabama,2020,32.78,,,66.27,0.95
1037,Coosa County,Alabama,2000,46.07,,0.74,52.16,1.03
1039,Covington County,Alabama,2008,20.52,,,78.82,0.65
1039,Covington County,Alabama,2004,23.4,,,76.02,0.58
1039,Covington County,Alabama,2012,20.48,,,78.8,0.73
1039,Covington County,Alabama,2016,14.97,,,83.23,1.79
1039,Covington County,Alabama,2020,15.61,,,83.68,0.71
1039,Covington County,Alabama,2000,32.62,,0.9,65.83,0.65
1041,Crenshaw County,Alabama,2016,26.55,,,72.01,1.44
1041,Crenshaw County,Alabama,2008,30.81,,,68.65,0.54
1041,Crenshaw County,Alabama,2004,30.87,,,68.67,0.45
1041,Crenshaw County,Alabama,2012,31.94,,,67.48,0.58
1041,Crenshaw County,Alabama,2020,25.69,,,73.51,0.8
1041,Crenshaw County,Alabama,2000,40.33,,0.83,58.25,0.58
1043,Cullman County,Alabama,2004,22.86,,,76.21,0.93
1043,Cullman County,Alabama,2012,14.66,,,84.16,1.18
1043,Cullman County,Alabama,2016,10.03,,,87.1,2.87
1043,Cullman County,Alabama,2008,16.61,,,81.85,1.54
1043,Cullman County,Alabama,2020,10.7,,,88.12,1.18
1043,Cullman County,Alabama,2000,33.05,,0.96,64.88,1.11
1045,Dale County,Alabama,2008,27.28,,,71.87,0.85
1045,Dale County,Alabama,2004,24.6,,,74.71,0.69
1045,Dale County,Alabama,2012,28.49,,,70.64,0.88
1045,Dale County,Alabama,2016,23.54,,,73.65,2.82
1045,Dale County,Alabama,2020,26.19,,,72.46,1.34
1045,Dale County,Alabama,2000,31.04,,1.19,67.02,0.75
1047,Dallas County,Alabama,2016,68.31,,,30.81,0.89
1047,Dallas County,Alabama,2008,67.07,,,32.6,0.33
1047,Dallas County,Alabama,2004,60.17,,,39.49,0.34
1047,Dallas County,Alabama,2012,69.74,,,30.01,0.25
1047,Dallas County,Alabama,2020,68.46,,,30.92,0.62
1047,Dallas County,Alabama,2000,59.4,,0.34,39.86,0.4
1049,Dekalb County,Alabama,2008,23.56,,,74.77,1.67
1049,Dekalb County,Alabama,2004,29.38,,,70.04,0.58
1049,Dekalb County,Alabama,2012,21.95,,,76.82,1.23
1049,Dekalb County,Alabama,2016,14.02,,,82.88,3.09
1049,Dekalb County,Alabama,2020,14.58,,,84.37,1.05
1049,Dekalb County,Alabama,2000,34.78,,0.86,63.23,1.12
1051,Elmore County,Alabama,2008,24.19,,,75.12,0.69
1051,Elmore County,Alabama,2004,22.56,,,76.9,0.53
1051,Elmore County,Alabama,2012,25.23,,,73.98,0.78
1051,Elmore County,Alabama,2016,22.66,,,74.17,3.17
1051,Elmore County,Alabama,2020,25.27,,,73.52,1.22
1051,Elmore County,Alabama,2000,27.94,,0.89,70.48,0.68
1053,Escambia County,Alabama,2008,35.36,,,63.89,0.76
1053,Escambia County,Alabama,2004,30.77,,,68.68,0.55
1053,Escambia County,Alabama,2012,36.92,,,62.46,0.63
1053,Escambia County,Alabama,2016,31.02,,,66.92,2.05
1053,Escambia County,Alabama,2020,30.91,,,68.32,0.77
1053,Escambia County,Alabama,2000,38.79,,0.67,59.82,0.72
1055,Etowah County,Alabama,2008,30.17,,,68.39,1.44
1055,Etowah County,Alabama,2004,35.91,,,63.26,0.83
1055,Etowah County,Alabama,2012,30.1,,,68.49,1.4
1055,Etowah County,Alabama,2016,23.64,,,73.26,3.1
1055,Etowah County,Alabama,2020,24.24,,,74.44,1.33
1055,Etowah County,Alabama,2000,44.3,,1.11,53.59,1
1057,Fayette County,Alabama,2008,25.06,,,73.93,1.01
1057,Fayette County,Alabama,2004,30.09,,,69.16,0.75
1057,Fayette County,Alabama,2012,22.87,,,76.19,0.94
1057,Fayette County,Alabama,2016,16.51,,,81.37,2.12
1057,Fayette County,Alabama,2020,15.91,,,83.28,0.81
1057,Fayette County,Alabama,2000,39.24,,0.77,58.68,1.31
1059,Franklin County,Alabama,2008,29.67,,,68.83,1.51
1059,Franklin County,Alabama,2004,36.79,,,62.68,0.53
1059,Franklin County,Alabama,2012,29.2,,,69.68,1.11
1059,Franklin County,Alabama,2016,18.25,,,78.62,3.13
1059,Franklin County,Alabama,2020,16.58,,,82.49,0.92
1059,Franklin County,Alabama,2000,43.17,,0.65,55.11,1.07
1061,Geneva County,Alabama,2008,18.31,,,80.78,0.91
1061,Geneva County,Alabama,2004,20.09,,,79.3,0.62
1061,Geneva County,Alabama,2012,18.01,,,81.05,0.94
1061,Geneva County,Alabama,2016,12.97,,,85,2.03
1061,Geneva County,Alabama,2020,12.71,,,86.47,0.81
1061,Geneva County,Alabama,2000,28.97,,1.01,68.92,1.1
1063,Greene County,Alabama,2008,83.09,,,16.51,0.4
1063,Greene County,Alabama,2004,79.28,,,20.18,0.55
1063,Greene County,Alabama,2012,84.66,,,15.06,0.28
1063,Greene County,Alabama,2016,82.23,,,17.17,0.59
1063,Greene County,Alabama,2020,81.34,,,18.32,0.34
1063,Greene County,Alabama,2000,79.71,,0.55,19.34,0.41
1065,Hale County,Alabama,2004,58.29,,,41.3,0.42
1065,Hale County,Alabama,2012,62.61,,,37.14,0.25
1065,Hale County,Alabama,2016,59.39,,,39.47,1.14
1065,Hale County,Alabama,2008,60.65,,,38.96,0.39
1065,Hale County,Alabama,2020,59.03,,,40.41,0.57
1065,Hale County,Alabama,2000,60.17,,0.56,38.6,0.67
1067,Henry County,Alabama,2008,34.9,,,64.58,0.52
1067,Henry County,Alabama,2004,33.31,,,66.31,0.38
1067,Henry County,Alabama,2012,35.19,,,64.25,0.56
1067,Henry County,Alabama,2016,28.39,,,69.77,1.83
1067,Henry County,Alabama,2020,28.03,,,71.06,0.91
1067,Henry County,Alabama,2000,40.13,,0.69,58.48,0.69
1069,Houston County,Alabama,2008,29.29,,,70.09,0.61
1069,Houston County,Alabama,2004,25.26,,,74.24,0.51
1069,Houston County,Alabama,2012,29.5,,,69.83,0.67
1069,Houston County,Alabama,2016,25.01,,,72.07,2.92
1069,Houston County,Alabama,2020,27.98,,,70.64,1.38
1069,Houston County,Alabama,2000,29.36,,0.8,69.1,0.74
1071,Jackson County,Alabama,2008,30.54,,,67.47,2
1071,Jackson County,Alabama,2004,42.49,,,56.76,0.75
1071,Jackson County,Alabama,2012,28.29,,,70.17,1.54
1071,Jackson County,Alabama,2016,17.5,,,79.45,3.05
1071,Jackson County,Alabama,2020,15.73,,,83.22,1.05
1071,Jackson County,Alabama,2000,50.63,,1.03,47.33,1.01
1073,Jefferson County,Alabama,2016,51.57,,,44.3,4.13
1073,Jefferson County,Alabama,2008,52.15,,,47.07,0.78
1073,Jefferson County,Alabama,2004,45.15,,,54.16,0.68
1073,Jefferson County,Alabama,2012,52.6,,,46.62,0.78
1073,Jefferson County,Alabama,2020,55.76,,,42.61,1.63
1073,Jefferson County,Alabama,2000,47.45,,1.24,50.59,0.73
1075,Lamar County,Alabama,2008,22.81,,,76.59,0.59
1075,Lamar County,Alabama,2004,28.41,,,71.08,0.51
1075,Lamar County,Alabama,2012,22.97,,,76.15,0.88
1075,Lamar County,Alabama,2016,14.87,,,83.59,1.54
1075,Lamar County,Alabama,2020,13.6,,,85.83,0.57
1075,Lamar County,Alabama,2000,36.6,,0.79,61.66,0.95
1077,Lauderdale County,Alabama,2008,34.98,,,63.16,1.86
1077,Lauderdale County,Alabama,2004,39.42,,,59.72,0.86
1077,Lauderdale County,Alabama,2012,33.88,,,64.76,1.36
1077,Lauderdale County,Alabama,2016,25.18,,,70.59,4.24
1077,Lauderdale County,Alabama,2020,26.87,,,71.54,1.59
1077,Lauderdale County,Alabama,2000,43.17,,1.1,54.39,1.34
1079,Lawrence County,Alabama,2008,35.18,,,63.19,1.63
1079,Lawrence County,Alabama,2004,43.96,,,55.21,0.83
1079,Lawrence County,Alabama,2012,35.92,,,62.88,1.2
1079,Lawrence County,Alabama,2016,24.46,,,73.05,2.49
1079,Lawrence County,Alabama,2020,22.22,,,76.86,0.92
1079,Lawrence County,Alabama,2000,51.67,,0.52,46.54,1.27
1081,Lee County,Alabama,2008,39.57,,,59.33,1.1
1081,Lee County,Alabama,2004,36.38,,,62.7,0.92
1081,Lee County,Alabama,2012,39.33,,,59.22,1.44
1081,Lee County,Alabama,2016,35.87,,,58.48,5.65
1081,Lee County,Alabama,2020,38.99,,,59.09,1.91
1081,Lee County,Alabama,2000,38.09,,2.34,58.63,0.95
1083,Limestone County,Alabama,2016,23.5,,,72.14,4.37
1083,Limestone County,Alabama,2008,28.42,,,70.33,1.24
1083,Limestone County,Alabama,2004,31.39,,,67.77,0.84
1083,Limestone County,Alabama,2012,27.72,,,71.34,0.94
1083,Limestone County,Alabama,2020,27.77,,,70.36,1.87
1083,Limestone County,Alabama,2000,38.05,,0.82,60.1,1.04
1085,Lowndes County,Alabama,2012,76.41,,,23.35,0.24
1085,Lowndes County,Alabama,2016,73.06,,,26.2,0.75
1085,Lowndes County,Alabama,2008,74.87,,,24.86,0.27
1085,Lowndes County,Alabama,2004,70.3,,,29.66,0.03
1085,Lowndes County,Alabama,2020,72.74,,,26.86,0.4
1085,Lowndes County,Alabama,2000,72.99,,0.29,26.24,0.48
1087,Macon County,Alabama,2008,86.88,,,12.83,0.29
1087,Macon County,Alabama,2004,82.92,,,16.69,0.39
1087,Macon County,Alabama,2012,87.02,,,12.81,0.17
1087,Macon County,Alabama,2016,82.78,,,15.66,1.56
1087,Macon County,Alabama,2020,81.49,,,17.67,0.85
1087,Macon County,Alabama,2000,86.8,,0.35,12.35,0.5
1089,Madison County,Alabama,2016,38.45,,,54.79,6.76
1089,Madison County,Alabama,2008,41.93,,,56.88,1.19
1089,Madison County,Alabama,2004,40.17,,,58.88,0.95
1089,Madison County,Alabama,2012,39.99,,,58.61,1.39
1089,Madison County,Alabama,2020,44.82,,,52.77,2.41
1089,Madison County,Alabama,2000,42.53,,1.66,54.85,0.96
1091,Marengo County,Alabama,2008,51.66,,,48.09,0.25
1091,Marengo County,Alabama,2004,48.8,,,50.91,0.29
1091,Marengo County,Alabama,2012,53.45,,,46.25,0.29
1091,Marengo County,Alabama,2016,51.07,,,47.6,1.33
1091,Marengo County,Alabama,2020,50.35,,,49.02,0.63
1091,Marengo County,Alabama,2000,50.39,,0.42,48.81,0.39
1093,Marion County,Alabama,2008,21.04,,,77.18,1.77
1093,Marion County,Alabama,2004,29.58,,,69.77,0.65
1093,Marion County,Alabama,2012,18.58,,,80.11,1.31
1093,Marion County,Alabama,2016,11.03,,,86.83,2.14
1093,Marion County,Alabama,2020,10.6,,,88.4,1.01
1093,Marion County,Alabama,2000,39.13,,1.06,58.78,1.03
1095,Marshall County,Alabama,2008,21.22,,,77.57,1.21
1095,Marshall County,Alabama,2004,26.84,,,72.35,0.81
1095,Marshall County,Alabama,2012,19.34,,,79.43,1.23
1095,Marshall County,Alabama,2016,13.92,,,82.78,3.3
1095,Marshall County,Alabama,2020,14.99,,,83.7,1.31
1095,Marshall County,Alabama,2000,37.09,,0.91,61.04,0.96
1097,Mobile County,Alabama,2008,45.3,,,54.04,0.66
1097,Mobile County,Alabama,2004,40.65,,,58.69,0.65
1097,Mobile County,Alabama,2012,45.04,,,54.27,0.69
1097,Mobile County,Alabama,2016,41.79,,,55.06,3.15
1097,Mobile County,Alabama,2020,43.39,,,55.27,1.34
1097,Mobile County,Alabama,2000,41.96,,1.13,55.93,0.97
1099,Monroe County,Alabama,2008,44.66,,,54.88,0.46
1099,Monroe County,Alabama,2004,38.45,,,61.16,0.39
1099,Monroe County,Alabama,2012,45.89,,,53.61,0.49
1099,Monroe County,Alabama,2016,42.18,,,56.42,1.4
1099,Monroe County,Alabama,2020,41.76,,,57.62,0.62
1099,Monroe County,Alabama,2000,41.79,,0.28,57.57,0.36
1101,Montgomery County,Alabama,2008,59.35,,,40.13,0.52
1101,Montgomery County,Alabama,2004,50.37,,,49.19,0.44
1101,Montgomery County,Alabama,2012,61.89,,,37.61,0.5
1101,Montgomery County,Alabama,2016,61.45,,,35.46,3.09
1101,Montgomery County,Alabama,2020,65.09,,,33.6,1.31
1101,Montgomery County,Alabama,2000,50.26,,0.84,48.34,0.56
1103,Morgan County,Alabama,2008,27.49,,,71.26,1.25
1103,Morgan County,Alabama,2004,30.06,,,69.09,0.85
1103,Morgan County,Alabama,2012,27.25,,,71.75,1
1103,Morgan County,Alabama,2016,22.22,,,74.02,3.76
1103,Morgan County,Alabama,2020,24.63,,,73.83,1.53
1103,Morgan County,Alabama,2000,37.63,,1.05,60.39,0.93
1105,Perry County,Alabama,2008,72.37,,,27.26,0.37
1105,Perry County,Alabama,2004,68.21,,,31.47,0.33
1105,Perry County,Alabama,2012,74.9,,,24.69,0.41
1105,Perry County,Alabama,2016,72.45,,,26.66,0.89
1105,Perry County,Alabama,2020,73.8,,,25.6,0.59
1105,Perry County,Alabama,2000,69.47,,0.31,29.93,0.29
1107,Pickens County,Alabama,2004,42.87,,,56.61,0.51
1107,Pickens County,Alabama,2012,46.35,,,53.31,0.33
1107,Pickens County,Alabama,2016,41.63,,,57.18,1.19
1107,Pickens County,Alabama,2008,45.63,,,53.98,0.39
1107,Pickens County,Alabama,2020,41.6,,,57.86,0.54
1107,Pickens County,Alabama,2000,48.51,,0.46,50.42,0.61
1109,Pike County,Alabama,2008,42.13,,,57.36,0.52
1109,Pike County,Alabama,2004,36.47,,,62.97,0.56
1109,Pike County,Alabama,2012,42.78,,,56.45,0.77
1109,Pike County,Alabama,2016,38.4,,,58.42,3.18
1109,Pike County,Alabama,2020,40.72,,,58.1,1.18
1109,Pike County,Alabama,2000,41.32,,0.71,57.45,0.51
1111,Randolph County,Alabama,2008,29.51,,,69.1,1.4
1111,Randolph County,Alabama,2004,31.3,,,68.07,0.63
1111,Randolph County,Alabama,2012,29.6,,,69.47,0.92
1111,Randolph County,Alabama,2016,22.49,,,75.64,1.87
1111,Randolph County,Alabama,2020,20.33,,,78.98,0.69
1111,Randolph County,Alabama,2000,39.07,,0.76,58.92,1.25
1113,Russell County,Alabama,2008,53.32,,,46.02,0.66
1113,Russell County,Alabama,2004,49.82,,,49.6,0.58
1113,Russell County,Alabama,2012,55.62,,,43.85,0.53
1113,Russell County,Alabama,2016,49.75,,,47.83,2.43
1113,Russell County,Alabama,2020,52.64,,,46.25,1.11
1113,Russell County,Alabama,2000,56.83,,0.74,41.95,0.49
1115,St. Clair County,Alabama,2016,14.55,,,82.42,3.02
1115,St. Clair County,Alabama,2008,17.87,,,81.11,1.02
1115,St. Clair County,Alabama,2004,18.71,,,80.59,0.7
1115,St. Clair County,Alabama,2012,16.5,,,82.6,0.9
1115,St. Clair County,Alabama,2020,17.43,,,81.38,1.19
1115,St. Clair County,Alabama,2000,26.92,,0.92,71.05,1.11
1117,Shelby County,Alabama,2008,22.75,,,76.19,1.06
1117,Shelby County,Alabama,2004,18.82,,,80.39,0.79
1117,Shelby County,Alabama,2012,21.68,,,77.22,1.1
1117,Shelby County,Alabama,2016,22.69,,,72.12,5.19
1117,Shelby County,Alabama,2020,28.94,,,69.33,1.72
1117,Shelby County,Alabama,2000,21.22,,1.31,76.7,0.78
1119,Sumter County,Alabama,2008,74.99,,,24.66,0.36
1119,Sumter County,Alabama,2004,70.37,,,29.22,0.4
1119,Sumter County,Alabama,2012,77.15,,,22.57,0.28
1119,Sumter County,Alabama,2016,74.03,,,24.66,1.31
1119,Sumter County,Alabama,2020,73.88,,,25.4,0.72
1119,Sumter County,Alabama,2000,72.52,,0.33,26.76,0.39
1121,Talladega County,Alabama,2008,40.28,,,58.8,0.92
1121,Talladega County,Alabama,2004,38.04,,,61.31,0.65
1121,Talladega County,Alabama,2012,41.67,,,57.67,0.67
1121,Talladega County,Alabama,2016,36.28,,,61.71,2.01
1121,Talladega County,Alabama,2020,36.84,,,62.35,0.81
1121,Talladega County,Alabama,2000,44.26,,0.72,54.25,0.77
1123,Tallapoosa County,Alabama,2008,31.4,,,67.92,0.68
1123,Tallapoosa County,Alabama,2004,30.36,,,69.03,0.61
1123,Tallapoosa County,Alabama,2012,33.56,,,65.83,0.61
1123,Tallapoosa County,Alabama,2016,28.32,,,69.76,1.91
1123,Tallapoosa County,Alabama,2020,27.91,,,71.28,0.81
1123,Tallapoosa County,Alabama,2000,38.04,,0.94,60.33,0.69
1125,Tuscaloosa County,Alabama,2016,38.41,,,57.71,3.89
1125,Tuscaloosa County,Alabama,2008,41.56,,,57.54,0.9
1125,Tuscaloosa County,Alabama,2004,37.87,,,61.4,0.72
1125,Tuscaloosa County,Alabama,2012,40.78,,,58.21,1.01
1125,Tuscaloosa County,Alabama,2020,41.88,,,56.69,1.43
1125,Tuscaloosa County,Alabama,2000,40.95,,1.68,56.56,0.82
1127,Walker County,Alabama,2004,31.78,,,67.57,0.65
1127,Walker County,Alabama,2012,22.99,,,75.91,1.1
1127,Walker County,Alabama,2016,15.26,,,82.34,2.41
1127,Walker County,Alabama,2008,25.9,,,72.32,1.78
1127,Walker County,Alabama,2020,15.51,,,83.42,1.07
1127,Walker County,Alabama,2000,45.32,,1.03,52.6,1.05
1129,Washington County,Alabama,2008,34.95,,,64.43,0.62
1129,Washington County,Alabama,2004,38.14,,,61.36,0.51
1129,Washington County,Alabama,2012,33.9,,,65.63,0.47
1129,Washington County,Alabama,2016,27.82,,,70.81,1.37
1129,Washington County,Alabama,2020,25.44,,,73.95,0.61
1129,Washington County,Alabama,2000,44.58,,0.34,54.2,0.88
1131,Wilcox County,Alabama,2016,70.92,,,28.39,0.69
1131,Wilcox County,Alabama,2008,71.02,,,28.77,0.22
1131,Wilcox County,Alabama,2004,67.55,,,32.28,0.18
1131,Wilcox County,Alabama,2012,74.31,,,25.63,0.06
1131,Wilcox County,Alabama,2020,68.58,,,31.05,0.37
1131,Wilcox County,Alabama,2000,67.19,,0.12,32.4,0.29
1133,Winston County,Alabama,2008,17.52,,,80.78,1.7
1133,Winston County,Alabama,2004,21.45,,,78,0.55
1133,Winston County,Alabama,2012,13.24,,,85.57,1.19
1133,Winston County,Alabama,2016,8.46,,,89.48,2.07
1133,Winston County,Alabama,2020,8.63,,,90.35,1.02
1133,Winston County,Alabama,2000,28.89,,0.94,68.82,1.34
2001,District 1 County,Alaska,2008,37.26,,,59.53,3.21
2001,District 1 County,Alaska,2004,35.15,,,60.51,4.34
2001,District 1 County,Alaska,2012,19.66,,,76.39,3.95
2001,District 1 County,Alaska,2016,38.76,,,47.91,13.33
2001,District 1 County,Alaska,2000,19.29,,7.14,70.33,3.25
2001,District 1 County,Alaska,2020,47.54,2.95,0.68,48,0.82
2002,District 2 County,Alaska,2008,44.84,,,52.09,3.08
2002,District 2 County,Alaska,2004,43.51,,,52.12,4.37
2002,District 2 County,Alaska,2012,34.18,,,60.82,5
2002,District 2 County,Alaska,2016,28.86,,,58.05,13.09
2002,District 2 County,Alaska,2000,28.17,,11.45,57.32,3.06
2002,District 2 County,Alaska,2020,34.29,4.68,0.49,59.88,0.67
2003,District 3 County,Alaska,2008,64.53,,,32.27,3.21
2003,District 3 County,Alaska,2004,55.44,,,40.77,3.79
2003,District 3 County,Alaska,2012,33.51,,,62.1,4.38
2003,District 3 County,Alaska,2016,16.3,,,70.97,12.73
2003,District 3 County,Alaska,2000,44.9,,14.12,38.12,2.87
2003,District 3 County,Alaska,2020,22.7,3.77,0.5,72.46,0.57
2004,District 4 County,Alaska,2008,47.63,,,49.24,3.13
2004,District 4 County,Alaska,2004,43.4,,,52.81,3.8
2004,District 4 County,Alaska,2012,42.2,,,52.84,4.97
2004,District 4 County,Alaska,2016,43.71,,,42.75,13.54
2004,District 4 County,Alaska,2000,34.71,,9.82,52.75,2.72
2004,District 4 County,Alaska,2020,50.85,3.07,0.88,44.62,0.57
2005,District 5 County,Alaska,2008,47.63,,,48.1,4.27
2005,District 5 County,Alaska,2004,44.1,,,51.27,4.63
2005,District 5 County,Alaska,2012,44.75,,,49.45,5.8
2005,District 5 County,Alaska,2016,40.31,,,46.58,13.1
2005,District 5 County,Alaska,2000,30,,11.67,55.07,3.26
2005,District 5 County,Alaska,2020,48.58,2.99,0.79,47.11,0.53
2006,District 6 County,Alaska,2008,34.45,,,62.05,3.5
2006,District 6 County,Alaska,2004,36.16,,,59.91,3.93
2006,District 6 County,Alaska,2012,27.52,,,67.42,5.06
2006,District 6 County,Alaska,2016,29.98,,,58.26,11.76
2006,District 6 County,Alaska,2000,25.28,,8.1,63.31,3.31
2006,District 6 County,Alaska,2020,34.59,2.81,0.88,60.99,0.73
2007,District 7 County,Alaska,2008,39.32,,,57.8,2.88
2007,District 7 County,Alaska,2004,37.88,,,58.19,3.93
2007,District 7 County,Alaska,2012,25.9,,,69.27,4.83
2007,District 7 County,Alaska,2016,18.21,,,71.56,10.24
2007,District 7 County,Alaska,2000,21.82,,18.01,56.1,4.07
2007,District 7 County,Alaska,2020,23.02,2.83,0.56,73.03,0.56
2008,District 8 County,Alaska,2004,44.49,,,51.11,4.4
2008,District 8 County,Alaska,2012,25.27,,,70.69,4.04
2008,District 8 County,Alaska,2016,15.09,,,75.88,9.03
2008,District 8 County,Alaska,2008,48.4,,,48.28,3.31
2008,District 8 County,Alaska,2000,18.78,,10.14,67.32,3.76
2008,District 8 County,Alaska,2020,19.7,2.43,0.48,76.86,0.52
2009,District 9 County,Alaska,2008,39.27,,,57.97,2.76
2009,District 9 County,Alaska,2004,36.37,,,60.37,3.26
2009,District 9 County,Alaska,2012,22.5,,,73.33,4.17
2009,District 9 County,Alaska,2016,20.58,,,68.13,11.29
2009,District 9 County,Alaska,2000,17.69,,7.03,70.43,4.85
2009,District 9 County,Alaska,2020,25.19,2.74,0.7,70.84,0.54
2010,District 10 County,Alaska,2008,36.94,,,60.41,2.65
2010,District 10 County,Alaska,2004,34.14,,,62.74,3.12
2010,District 10 County,Alaska,2012,20.46,,,75.01,4.54
2010,District 10 County,Alaska,2016,20,,,69.19,10.81
2010,District 10 County,Alaska,2000,24.7,,9.04,63.86,2.41
2010,District 10 County,Alaska,2020,24.34,2.55,0.57,72.12,0.42
2011,District 11 County,Alaska,2008,19.5,,,78.41,2.09
2011,District 11 County,Alaska,2004,25.83,,,71.25,2.93
2011,District 11 County,Alaska,2012,25.74,,,70.18,4.08
2011,District 11 County,Alaska,2016,22.11,,,66.51,11.38
2011,District 11 County,Alaska,2000,29.27,,10.64,56.73,3.35
2011,District 11 County,Alaska,2020,29.45,2.53,0.83,66.77,0.42
2012,District 12 County,Alaska,2016,20.2,,,69.46,10.33
2012,District 12 County,Alaska,2008,25.22,,,72.04,2.74
2012,District 12 County,Alaska,2004,28.59,,,68.45,2.95
2012,District 12 County,Alaska,2012,29.33,,,66.34,4.34
2012,District 12 County,Alaska,2000,26.98,,9.09,60.86,3.07
2012,District 12 County,Alaska,2020,26.31,2.56,0.48,70.23,0.41
2013,District 13 County,Alaska,2008,24.29,,,73.16,2.55
2013,District 13 County,Alaska,2004,30.1,,,66.84,3.07
2013,District 13 County,Alaska,2012,42.49,,,53.93,3.57
2013,District 13 County,Alaska,2016,25.78,,,61.66,12.57
2013,District 13 County,Alaska,2000,33.5,,15.49,48.51,2.51
2013,District 13 County,Alaska,2020,34.57,3.99,0.52,60.31,0.61
2014,District 14 County,Alaska,2008,20.39,,,77.54,2.07
2014,District 14 County,Alaska,2004,28.32,,,68.93,2.75
2014,District 14 County,Alaska,2012,47.26,,,48.85,3.89
2014,District 14 County,Alaska,2016,29.2,,,57.37,13.43
2014,District 14 County,Alaska,2000,27.71,,5.83,63.91,2.56
2014,District 14 County,Alaska,2020,37.24,3.11,0.44,58.67,0.54
2015,District 15 County,Alaska,2008,22.64,,,74.21,3.15
2015,District 15 County,Alaska,2004,30.95,,,65.31,3.74
2015,District 15 County,Alaska,2012,50.89,,,44.57,4.54
2015,District 15 County,Alaska,2016,36.69,,,50.68,12.63
2015,District 15 County,Alaska,2000,35.88,,18.19,41.79,4.14
2015,District 15 County,Alaska,2020,47.17,3.54,0.65,48.05,0.59
2016,District 16 County,Alaska,2008,24.64,,,72.67,2.68
2016,District 16 County,Alaska,2004,30.25,,,66.84,2.92
2016,District 16 County,Alaska,2012,55.88,,,40.05,4.07
2016,District 16 County,Alaska,2016,44.3,,,43.07,12.63
2016,District 16 County,Alaska,2000,42.03,,11.31,42.26,4.4
2016,District 16 County,Alaska,2020,52.65,2.59,0.79,43.31,0.67
2017,District 17 County,Alaska,2012,62.17,,,33.6,4.23
2017,District 17 County,Alaska,2008,28,,,70.08,1.93
2017,District 17 County,Alaska,2004,29.95,,,67.64,2.4
2017,District 17 County,Alaska,2016,48.47,,,38.57,12.96
2017,District 17 County,Alaska,2000,28.95,,8.32,59.24,3.49
2017,District 17 County,Alaska,2020,57.13,2.54,0.88,38.82,0.62
2018,District 18 County,Alaska,2016,52.81,,,36.26,10.93
2018,District 18 County,Alaska,2004,32.54,,,65.37,2.1
2018,District 18 County,Alaska,2000,27.72,,15.02,54.86,2.41
2018,District 18 County,Alaska,2012,61.28,,,34.18,4.53
2018,District 18 County,Alaska,2008,31.91,,,66.32,1.76
2018,District 18 County,Alaska,2020,60.63,2.03,1.02,35.75,0.56
2019,District 19 County,Alaska,2008,41.98,,,55.7,2.32
2019,District 19 County,Alaska,2004,37.61,,,59.55,2.85
2019,District 19 County,Alaska,2012,49.79,,,46.52,3.68
2019,District 19 County,Alaska,2016,55.7,,,34.14,10.16
2019,District 19 County,Alaska,2000,29.56,,9.16,58.09,3.19
2019,District 19 County,Alaska,2020,58.82,2.08,0.98,37.26,0.87
2020,District 20 County,Alaska,2016,58.14,,,30.63,11.23
2020,District 20 County,Alaska,2008,48.15,,,49.36,2.49
2020,District 20 County,Alaska,2004,38.89,,,57.77,3.34
2020,District 20 County,Alaska,2012,38.69,,,57.06,4.26
2020,District 20 County,Alaska,2000,32.44,,12.05,52.39,3.12
2020,District 20 County,Alaska,2020,65.11,2.04,0.71,31.79,0.36
2021,District 21 County,Alaska,2008,42.04,,,55.76,2.2
2021,District 21 County,Alaska,2004,37.41,,,60.1,2.49
2021,District 21 County,Alaska,2012,37.4,,,59.35,3.25
2021,District 21 County,Alaska,2016,48.85,,,40.23,10.92
2021,District 21 County,Alaska,2000,34.83,,12.22,49.22,3.73
2021,District 21 County,Alaska,2020,57.42,2.15,0.74,39.13,0.55
2022,District 22 County,Alaska,2008,50.3,,,46.86,2.83
2022,District 22 County,Alaska,2004,41.63,,,55.29,3.08
2022,District 22 County,Alaska,2012,43.62,,,52.56,3.83
2022,District 22 County,Alaska,2016,39.06,,,50.2,10.74
2022,District 22 County,Alaska,2000,31.16,,8.18,57.6,3.07
2022,District 22 County,Alaska,2020,47.83,2.1,0.48,49.2,0.39
2023,District 23 County,Alaska,2008,57.54,,,39.65,2.81
2023,District 23 County,Alaska,2004,46.14,,,50.64,3.22
2023,District 23 County,Alaska,2012,37.84,,,58.85,3.31
2023,District 23 County,Alaska,2016,41.8,,,46.88,11.32
2023,District 23 County,Alaska,2000,27.69,,6.11,63.95,2.25
2023,District 23 County,Alaska,2020,49.23,2.2,0.68,47.23,0.66
2024,District 24 County,Alaska,2008,43.96,,,53.68,2.35
2024,District 24 County,Alaska,2004,39.44,,,57.52,3.04
2024,District 24 County,Alaska,2012,42.91,,,53.67,3.42
2024,District 24 County,Alaska,2016,39.41,,,51.86,8.73
2024,District 24 County,Alaska,2000,25.08,,7.97,63.97,2.98
2024,District 24 County,Alaska,2020,45.42,2.13,0.44,51.57,0.44
2025,District 25 County,Alaska,2008,50.18,,,47.21,2.61
2025,District 25 County,Alaska,2004,42.53,,,53.94,3.53
2025,District 25 County,Alaska,2012,43.17,,,52.75,4.08
2025,District 25 County,Alaska,2016,41.57,,,46.95,11.48
2025,District 25 County,Alaska,2000,20.69,,9.06,66.93,3.32
2025,District 25 County,Alaska,2020,49.33,2.16,0.72,47.26,0.54
2026,District 26 County,Alaska,2008,51.43,,,46.43,2.14
2026,District 26 County,Alaska,2004,44.11,,,52.96,2.93
2026,District 26 County,Alaska,2012,30.21,,,66.42,3.37
2026,District 26 County,Alaska,2016,37.89,,,51.07,11.04
2026,District 26 County,Alaska,2000,18.72,,8.32,68.32,4.63
2026,District 26 County,Alaska,2020,45.08,2.05,0.54,51.85,0.47
2027,District 27 County,Alaska,2008,36.83,,,60.71,2.46
2027,District 27 County,Alaska,2004,36.93,,,60.23,2.83
2027,District 27 County,Alaska,2012,41.24,,,55.58,3.19
2027,District 27 County,Alaska,2016,42.46,,,46.51,11.03
2027,District 27 County,Alaska,2000,21.07,,9.71,64.32,4.9
2027,District 27 County,Alaska,2020,50.96,2.4,0.62,45.49,0.54
2028,District 28 County,Alaska,2008,37.19,,,60.79,2.01
2028,District 28 County,Alaska,2004,35.27,,,62.24,2.49
2028,District 28 County,Alaska,2012,25.9,,,69.62,4.49
2028,District 28 County,Alaska,2016,41.56,,,47.46,10.98
2028,District 28 County,Alaska,2000,19.17,,9.96,64.43,6.44
2028,District 28 County,Alaska,2020,49.13,1.72,0.54,48.33,0.27
2029,District 29 County,Alaska,2004,35.99,,,61.31,2.7
2029,District 29 County,Alaska,2012,24.13,,,72.08,3.79
2029,District 29 County,Alaska,2016,22.37,,,67.56,10.07
2029,District 29 County,Alaska,2008,38.55,,,59.28,2.17
2029,District 29 County,Alaska,2000,31.8,,18.45,45.95,3.8
2029,District 29 County,Alaska,2020,27.78,1.77,0.64,69.45,0.36
2030,District 30 County,Alaska,2008,37.96,,,59.89,2.15
2030,District 30 County,Alaska,2004,36.3,,,61.19,2.52
2030,District 30 County,Alaska,2012,37.64,,,57.78,4.58
2030,District 30 County,Alaska,2016,20.29,,,69.21,10.5
2030,District 30 County,Alaska,2000,27.91,,8.84,59.54,3.7
2030,District 30 County,Alaska,2020,25.92,2.65,0.41,70.56,0.45
2031,District 31 County,Alaska,2008,35.19,,,62.81,2.01
2031,District 31 County,Alaska,2004,34.81,,,62.9,2.29
2031,District 31 County,Alaska,2012,50.12,,,45.2,4.68
2031,District 31 County,Alaska,2016,34.04,,,55.17,10.79
2031,District 31 County,Alaska,2000,30.7,,8.97,55.76,4.58
2031,District 31 County,Alaska,2020,40.59,2.01,0.81,56.17,0.42
2032,District 32 County,Alaska,2008,42.06,,,55.8,2.15
2032,District 32 County,Alaska,2004,39.14,,,58.2,2.66
2032,District 32 County,Alaska,2012,62.24,,,32.48,5.28
2032,District 32 County,Alaska,2016,36.15,,,50.37,13.48
2032,District 32 County,Alaska,2000,23.02,,4.72,69.25,3
2032,District 32 County,Alaska,2020,42.06,2.86,1.26,53.27,0.55
2033,District 33 County,Alaska,2016,60.18,,,27.5,12.32
2033,District 33 County,Alaska,2008,23.45,,,73.76,2.79
2033,District 33 County,Alaska,2004,29.18,,,67.14,3.68
2033,District 33 County,Alaska,2012,36.35,,,57.41,6.24
2033,District 33 County,Alaska,2000,20.26,,9.06,66.62,4.06
2033,District 33 County,Alaska,2020,68.78,1.8,0.94,27.92,0.56
2034,District 34 County,Alaska,2008,20.11,,,77.06,2.83
2034,District 34 County,Alaska,2004,26.72,,,69.46,3.82
2034,District 34 County,Alaska,2012,53.98,,,40.79,5.23
2034,District 34 County,Alaska,2016,44.75,,,41.94,13.32
2034,District 34 County,Alaska,2000,18.17,,5.69,73.29,2.85
2034,District 34 County,Alaska,2020,53.71,2.6,0.63,42.34,0.71
2035,District 35 County,Alaska,2008,44.76,,,52.18,3.05
2035,District 35 County,Alaska,2004,43.47,,,51.91,4.61
2035,District 35 County,Alaska,2012,40.83,,,54.88,4.3
2035,District 35 County,Alaska,2016,41.46,,,45.4,13.14
2035,District 35 County,Alaska,2000,18.93,,9.21,67.03,4.83
2035,District 35 County,Alaska,2020,49.6,1.68,0.94,47.21,0.56
2036,District 36 County,Alaska,2008,33.93,,,62.96,3.12
2036,District 36 County,Alaska,2004,35.12,,,61.09,3.8
2036,District 36 County,Alaska,2012,67.2,,,27.88,4.93
2036,District 36 County,Alaska,2016,32.59,,,53.97,13.44
2036,District 36 County,Alaska,2000,34.88,,6.87,53.92,4.34
2036,District 36 County,Alaska,2020,40.85,2.64,0.85,55.04,0.62
2037,District 37 County,Alaska,2008,40.04,,,57.04,2.92
2037,District 37 County,Alaska,2004,37.83,,,58.49,3.69
2037,District 37 County,Alaska,2012,60.69,,,34.99,4.31
2037,District 37 County,Alaska,2016,47.83,,,38.29,13.89
2037,District 37 County,Alaska,2000,36.22,,5.07,54.2,4.51
2037,District 37 County,Alaska,2020,49.79,1.67,1.09,45.86,1.59
2038,District 38 County,Alaska,2012,60.18,,,33.15,6.66
2038,District 38 County,Alaska,2008,52.88,,,42.66,4.46
2038,District 38 County,Alaska,2004,46.62,,,48.45,4.93
2038,District 38 County,Alaska,2016,54.13,,,22.43,23.43
2038,District 38 County,Alaska,2000,40.49,,5.37,49.58,4.56
2038,District 38 County,Alaska,2020,60.43,1.98,2.11,32.78,2.7
2039,District 39 County,Alaska,2004,42.47,,,51.74,5.78
2039,District 39 County,Alaska,2012,55.56,,,39.12,5.32
2039,District 39 County,Alaska,2008,51.99,,,44.81,3.2
2039,District 39 County,Alaska,2016,55.72,,,24.92,19.37
2039,District 39 County,Alaska,2000,43.99,,7.38,44.74,3.89
2039,District 39 County,Alaska,2020,60.77,2.09,1.77,32.91,2.46
2040,District 40 County,Alaska,2008,42.74,,,53.72,3.54
2040,District 40 County,Alaska,2004,40.22,,,55.58,4.2
2040,District 40 County,Alaska,2012,64.16,,,31.81,4.04
2040,District 40 County,Alaska,2016,50.72,,,29.87,19.41
2040,District 40 County,Alaska,2000,31.74,,7.81,56.76,3.69
2040,District 40 County,Alaska,2020,50.36,2.04,1.87,43.32,2.41
2099,District 99 County,Alaska,2012,0,,,0,0
2099,District 99 County,Alaska,2008,0,,,0,0
2099,District 99 County,Alaska,2004,0,,,0,0
2099,District 99 County,Alaska,2016,80.12,,,11.7,8.19
2099,District 99 County,Alaska,2000,0,,0,0,0
2099,District 99 County,Alaska,2020,86.14,0.23,0,13.63,0
4001,Apache County,Arizona,2008,63.43,,,35.24,1.32
4001,Apache County,Arizona,2004,64.71,,,34.65,0.64
4001,Apache County,Arizona,2012,66.34,,,31.92,1.74
4001,Apache County,Arizona,2016,61.76,,,29.79,8.45
4001,Apache County,Arizona,2000,66.95,,1.26,30.57,1.23
4003,Cochise County,Arizona,2008,38.8,,,59.46,1.74
4003,Cochise County,Arizona,2004,39.37,,,59.7,0.93
4003,Cochise County,Arizona,2012,37.85,,,60.19,1.96
4003,Cochise County,Arizona,2016,34.89,,,56.17,8.94
4003,Cochise County,Arizona,2000,40.19,,3.35,54.69,1.77
4005,Coconino County,Arizona,2004,55.95,,,43.1,0.95
4005,Coconino County,Arizona,2008,57.84,,,40.83,1.33
4005,Coconino County,Arizona,2012,56.56,,,41.02,2.42
4005,Coconino County,Arizona,2016,54.2,,,35.31,10.49
4005,Coconino County,Arizona,2000,49.6,,6.06,42.96,1.38
4007,Gila County,Arizona,2004,39.89,,,59.22,0.89
4007,Gila County,Arizona,2012,35.75,,,62.5,1.75
4007,Gila County,Arizona,2008,35.3,,,63.11,1.59
4007,Gila County,Arizona,2016,31.39,,,63.56,5.05
4007,Gila County,Arizona,2000,43.41,,2.8,51.64,2.15
4009,Graham County,Arizona,2008,29.04,,,69.76,1.2
4009,Graham County,Arizona,2004,29.71,,,69.65,0.63
4009,Graham County,Arizona,2012,30.44,,,68.12,1.43
4009,Graham County,Arizona,2016,27.2,,,66.14,6.66
4009,Graham County,Arizona,2000,34.72,,1.49,62.16,1.63
4011,Greenlee County,Arizona,2012,44.05,,,53.53,2.42
4011,Greenlee County,Arizona,2008,39.99,,,58.77,1.24
4011,Greenlee County,Arizona,2004,37.37,,,61.92,0.72
4011,Greenlee County,Arizona,2016,33.39,,,57.86,8.75
4011,Greenlee County,Arizona,2000,41.08,,2.3,54.7,1.93
4012,La Paz County,Arizona,2008,34.74,,,63.2,2.05
4012,La Paz County,Arizona,2004,36.58,,,62.47,0.95
4012,La Paz County,Arizona,2012,32.88,,,64.96,2.15
4012,La Paz County,Arizona,2016,26.47,,,67.27,6.27
4012,La Paz County,Arizona,2000,39.46,,2.03,56.73,1.78
4013,Maricopa County,Arizona,2008,44.12,,,54.69,1.2
4013,Maricopa County,Arizona,2004,42.33,,,56.97,0.71
4013,Maricopa County,Arizona,2012,43.75,,,54.48,1.77
4013,Maricopa County,Arizona,2016,44.83,,,47.67,7.5
4013,Maricopa County,Arizona,2000,42.88,,2.49,53.23,1.4
4015,Mohave County,Arizona,2004,35.47,,,63.65,0.88
4015,Mohave County,Arizona,2008,32.68,,,65.58,1.75
4015,Mohave County,Arizona,2012,27.9,,,70.23,1.87
4015,Mohave County,Arizona,2016,21.83,,,72.9,5.26
4015,Mohave County,Arizona,2000,39.58,,3,55.25,2.18
4017,Navajo County,Arizona,2012,45.39,,,53.26,1.36
4017,Navajo County,Arizona,2008,43.52,,,55.2,1.28
4017,Navajo County,Arizona,2004,45.81,,,53.42,0.78
4017,Navajo County,Arizona,2016,40.85,,,51.07,8.09
4017,Navajo County,Arizona,2000,46.9,,2.06,49.25,1.79
4019,Pima County,Arizona,2008,52.42,,,46.36,1.21
4019,Pima County,Arizona,2004,52.64,,,46.64,0.73
4019,Pima County,Arizona,2012,52.65,,,45.72,1.63
4019,Pima County,Arizona,2016,53.28,,,39.71,7.01
4019,Pima County,Arizona,2000,51.34,,4.3,43.31,1.05
4021,Pinal County,Arizona,2012,40.9,,,57.31,1.78
4021,Pinal County,Arizona,2008,42.19,,,56.65,1.15
4021,Pinal County,Arizona,2004,42.17,,,57.27,0.56
4021,Pinal County,Arizona,2016,36.97,,,56.21,6.82
4021,Pinal County,Arizona,2000,47.59,,2.19,48.73,1.49
4023,Santa Cruz County,Arizona,2008,65.27,,,33.96,0.77
4023,Santa Cruz County,Arizona,2004,59.21,,,40.01,0.78
4023,Santa Cruz County,Arizona,2012,68.27,,,30.48,1.25
4023,Santa Cruz County,Arizona,2016,71.14,,,23.71,5.15
4023,Santa Cruz County,Arizona,2000,58.84,,2.44,37.6,1.11
4025,Yavapai County,Arizona,2008,37.02,,,61.41,1.57
4025,Yavapai County,Arizona,2004,37.91,,,61.18,0.91
4025,Yavapai County,Arizona,2012,33.82,,,64.29,1.89
4025,Yavapai County,Arizona,2016,31.1,,,62.32,6.58
4025,Yavapai County,Arizona,2000,35.27,,4.01,58.84,1.89
4027,Yuma County,Arizona,2012,43.05,,,55.66,1.29
4027,Yuma County,Arizona,2008,42.55,,,56.35,1.1
4027,Yuma County,Arizona,2004,41.68,,,57.67,0.65
4027,Yuma County,Arizona,2016,46.42,,,47.47,6.11
4027,Yuma County,Arizona,2000,42.07,,1.73,54.82,1.38
5001,Arkansas County,Arkansas,2004,44.77,,,54.55,0.68
5001,Arkansas County,Arkansas,2012,37.8,,,60.01,2.19
5001,Arkansas County,Arkansas,2008,37.53,,,59.97,2.49
5001,Arkansas County,Arkansas,2016,31.21,,,61.59,7.2
5001,Arkansas County,Arkansas,2000,45.15,,1.02,52.62,1.21
5003,Ashley County,Arkansas,2008,34.44,,,62.55,3.01
5003,Ashley County,Arkansas,2004,45.59,,,53.65,0.75
5003,Ashley County,Arkansas,2012,36.09,,,61.44,2.46
5003,Ashley County,Arkansas,2016,29.79,,,66.04,4.17
